3, 1, 2, [1], True
4, 1, 2, [1], True
5, 1, 2, [1], True
5, 2, 2, [1], True
5, 3, 12, [5,6,7], True
6, 1, 2, [1], True
7, 1, 2, [1], True
7, 2, 2, [1], True
7, 3, 12, [5,6,7], True
7, 4, 12, [5,6,7], True
7, 5, 15, [5,6,7,8,9,10], True
8, 1, 2, [1], True
8, 3, 9, [4,5], True
8, 5, 5, [2,3], True
9, 1, 2, [1], True
9, 2, 2, [1], True
9, 4, 16, [7,8,9], True
9, 5, 5, [2,3], True
9, 7, 14, [5,6,7,8,9], True
10, 1, 2, [1], True
10, 3, 9, [4,5], True
10, 7, 21, [7,8,9,10,11,12,13,14], True
11, 1, 2, [1], True
11, 2, 2, [1], True
11, 3, 24, [11,12,13], True
11, 4, 20, [9,10,11], True
11, 5, 30, [13,14,15,16,17], True
11, 6, 18, [7,8,9,10,11], True
11, 7, 28, [11,12,13,14,15,16,17], True
11, 8, 24, [8,9,10,11,12,13,14,15,16], True
11, 9, 36, [13,14,15,18,21,22,23], True
12, 1, 2, [1], True
12, 5, 5, [2,3], True
12, 7, 7, [3,4], True
13, 1, 2, [1], True
13, 2, 2, [1], True
13, 3, 24, [11,12,13], True
13, 4, 24, [11,12,13], True
13, 5, 30, [13,14,15,16,17], True
13, 6, 30, [13,14,15,16,17], True
13, 7, 21, [8,9,10,11,12,13], True
13, 8, 32, [13,14,15,16,17,18,19], True
13, 9, 9, [3,4,5,6], True
13, 10, 20, [7,8,9,10,11,12,13], True
13, 11, 33, [11,12,13,14,15,16,17,18,19,20,21,22], True
14, 1, 2, [1], True
14, 3, 15, [7,8], True
14, 5, 25, [11,12,13,14], True
14, 9, 18, [7,8,9,10,11], True
14, 11, 11, [4,5,6,7], True
15, 1, 2, [1], True
15, 2, 2, [1], True
15, 4, 28, [13,14,15], True
15, 7, 7, [3,4], True
15, 8, 8, [3,4,5], True
15, 11, 33, [11,12,13,14,15,16,17,18,19,20,21,22], True
15, 13, 26, [9,10,11,12,13,14,15,16,17], True
16, 1, 2, [1], True
16, 3, 15, [7,8], True
16, 5, 35, [16,17,18,19], True
16, 7, 7, [3,4], True
16, 9, 27, [11,12,13,14,15,16], True
16, 11, 33, [11,12,13,14,15,16,17,18,19,20,21,22], True
16, 13, 39, [14,15,16,19,20,23,24,25], True
17, 1, 2, [1], True
17, 2, 2, [1], True
17, 3, 36, [17,18,19], True
17, 4, 32, [15,16,17], True
17, 5, 30, [13,14,15,16,17], True
17, 6, 30, [13,14,15,16,17], True
17, 7, 28, [11,12,13,14,15,16,17], True
17, 8, 40, [17,18,19,20,21,22,23], True
17, 9, 27, [10,11,12,13,14,15,16,17], True
17, 10, 10, [4,5,6], True
17, 11, 44, [17,18,19,20,21,22,23,24,25,26,27], True
17, 12, 12, [4,5,6,7,8], True
17, 13, 26, [9,10,11,12,13,14,15,16,17], True
17, 14, 14, [5,6,7,8,9], True
17, 15, 60, [21,22,23,24,25,26,29,30,31,34,35,36,37,38,39], True
18, 1, 2, [1], True
18, 5, 20, [9,10,11], True
18, 7, 7, [3,4], True
18, 11, 22, [9,10,11,12,13], True
18, 13, 39, [13,14,15,16,17,18,19,20,21,22,23,24,25,26], True
19, 1, 2, [1], True
19, 2, 2, [1], True
19, 3, 36, [17,18,19], True
19, 4, 36, [17,18,19], True
19, 5, 35, [16,17,18,19], True
19, 6, 42, [19,20,21,22,23], True
19, 7, 56, [25,26,27,28,29,30,31], True
19, 8, 32, [13,14,15,16,17,18,19], True
19, 9, 45, [19,20,21,22,23,24,25,26], True
19, 10, 30, [11,12,13,14,15,16,17,18,19], True
19, 11, 22, [9,10,11,12,13], True
19, 12, 48, [19,20,21,22,23,24,25,26,27,28,29], True
19, 13, 39, [13,14,15,16,17,18,19,20,21,22,23,24,25,26], True
19, 14, 42, [14,15,16,17,18,19,20,21,22,23,24,25,26,27,28], True
19, 15, 60, [21,22,23,26,27,28,29,30,31,32,33,34,37,38,39], True
19, 16, 48, [16,17,18,19,20,21,22,23,24,25,26,27,28,29,30,31,32], True
19, 17, 51, [17,18,19,20,21,22,23,24,25,26,27,28,29,30,31,32,33,34], True
20, 1, 2, [1], True
20, 3, 21, [10,11], True
20, 7, 7, [3,4], True
20, 9, 9, [4,5], True
20, 11, 33, [13,14,15,16,17,18,19,20], True
20, 13, 13, [5,6,7,8], True
20, 17, 51, [17,18,19,20,21,22,23,24,25,26,27,28,29,30,31,32,33,34], True
21, 1, 2, [1], True
21, 2, 2, [1], True
21, 4, 40, [19,20,21], True
21, 5, 15, [7,8], True
21, 8, 16, [7,8,9], True
21, 10, 50, [21,22,23,24,25,26,27,28,29], True
21, 11, 11, [4,5,6,7], True
21, 13, 52, [21,22,23,24,25,26,27,28,29,30,31], True
21, 16, 32, [11,12,13,14,15,16,17,18,19,20,21], True
21, 17, 17, [6,7,8,9,10,11], True
21, 19, 38, [13,14,15,16,17,18,19,20,21,22,23,24,25], True
22, 1, 2, [1], True
22, 3, 21, [10,11], True
22, 5, 20, [9,10,11], True
22, 7, 49, [22,23,24,25,26,27], True
22, 9, 18, [7,8,9,10,11], True
22, 13, 52, [21,22,23,24,25,26,27,28,29,30,31], True
22, 15, 15, [5,6,7,8,9,10], True
22, 17, 17, [6,7,8,9,10,11], True
22, 19, 38, [13,14,15,16,17,18,19,20,21,22,23,24,25], True
23, 1, 2, [1], True
23, 2, 2, [1], True
23, 3, 48, [23,24,25], True
23, 4, 44, [21,22,23], True
23, 5, 50, [23,24,25,26,27], True
23, 6, 42, [19,20,21,22,23], True
23, 7, 42, [19,20,21,22,23], True
23, 8, 40, [17,18,19,20,21,22,23], True
23, 9, 54, [23,24,25,26,27,28,29,30,31], True
23, 10, 40, [17,18,19,20,21,22,23], True
23, 11, 55, [23,24,25,26,27,28,29,30,31,32], True
23, 12, 36, [13,14,15,16,17,18,19,20,21,22,23], True
23, 13, 130, [53,54,59,60,61,62,63,64,65,66,67,68,69,70,71,76,77], True
23, 14, 42, [17,18,19,20,21,22,23,24,25], True
23, 15, 60, [23,24,25,26,27,28,29,30,31,32,33,34,35,36,37], True
23, 16, 48, [16,17,18,19,20,21,22,23,24,25,26,27,28,29,30,31,32], True
23, 17, 51, [17,18,19,20,21,22,23,24,25,26,27,28,29,30,31,32,33,34], True
23, 18, 54, [19,20,23,24,25,26,27,28,29,30,31,34,35], True
23, 19, 76, [27,28,29,30,31,32,33,38,43,44,45,46,47,48,49], True
23, 20, 20, [7,8,9,10,11,12,13], True
23, 21, 84, [29,30,31,32,33,34,37,38,39,40,41,42,43,44,45,46,47,50,51,52,53,54,55], True
24, 1, 2, [1], True
24, 5, 15, [7,8], True
24, 7, 7, [3,4], True
24, 11, 44, [19,20,21,22,23,24,25], True
24, 13, 13, [5,6,7,8], True
24, 17, 51, [17,18,19,20,21,22,23,24,25,26,27,28,29,30,31,32,33,34], True
24, 19, 76, [27,28,29,34,35,36,37,38,39,40,41,42,47,48,49], True
25, 1, 2, [1], True
25, 2, 2, [1], True
25, 3, 48, [23,24,25], True
25, 4, 48, [23,24,25], True
25, 6, 54, [25,26,27,28,29], True
25, 7, 56, [25,26,27,28,29,30,31], True
25, 8, 56, [25,26,27,28,29,30,31], True
25, 9, 9, [4,5], True
25, 11, 44, [19,20,21,22,23,24,25], True
25, 12, 12, [5,6,7], True
25, 13, 39, [14,15,16,17,18,19,20,21,22,23,24,25], True
25, 14, 42, [17,18,19,20,21,22,23,24,25], True
25, 16, 64, [25,26,27,28,29,30,31,32,33,34,35,36,37,38,39], True
25, 17, 51, [17,18,19,20,21,22,23,24,25,26,27,28,29,30,31,32,33,34], True
25, 18, 18, [6,7,8,9,10,11,12], True
25, 19, 38, [13,14,15,16,17,18,19,20,21,22,23,24,25], True
25, 21, 21, [7,8,9,10,11,12,13,14], True
25, 22, 88, [31,32,33,34,35,36,37,38,43,44,45,50,51,52,53,54,55,56,57], False
25, 23, 69, [23,24,25,26,27,28,29,30,31,32,33,34,35,36,37,38,39,40,41,42,43,44,45,46], True
26, 1, 2, [1], True
26, 3, 27, [13,14], True
26, 5, 55, [26,27,28,29], True
26, 7, 28, [13,14,15], True
26, 9, 45, [19,20,21,22,23,24,25,26], True
26, 11, 22, [9,10,11,12,13], True
26, 15, 90, [37,38,39,40,45,50,51,52,53], True
26, 17, 34, [13,14,15,16,17,18,19,20,21], True
26, 19, 57, [19,20,21,22,23,24,25,26,27,28,29,30,31,32,33,34,35,36,37,38], True
26, 21, 63, [22,23,24,25,26,29,30,31,32,33,34,37,38,39,40,41], True
26, 23, 23, [8,9,10,11,12,13,14,15], True
27, 1, 2, [1], True
27, 2, 2, [1], True
27, 4, 52, [25,26,27], True
27, 5, 50, [23,24,25,26,27], True
27, 7, 49, [22,23,24,25,26,27], True
27, 8, 16, [7,8,9], True
27, 10, 20, [9,10,11], True
27, 11, 44, [17,18,19,20,21,22,23,24,25,26,27], True
27, 13, 65, [27,28,29,30,31,32,33,34,35,36,37,38], True
27, 14, 14, [5,6,7,8,9], True
27, 16, 32, [13,14,15,16,17,18,19], True
27, 17, 68, [27,28,29,30,31,32,33,34,35,36,37,38,39,40,41], True
27, 19, 57, [19,20,21,22,23,24,25,26,27,28,29,30,31,32,33,34,35,36,37,38], True
27, 20, 60, [20,21,22,23,24,25,26,27,28,29,30,31,32,33,34,35,36,37,38,39,40], True
27, 22, 22, [8,9,11,13,14], True
27, 23, 69, [23,24,25,26,27,28,29,30,31,32,33,34,35,36,37,38,39,40,41,42,43,44,45,46], True
27, 25, 50, [17,18,19,20,21,22,23,24,25,26,27,28,29,30,31,32,33], True
28, 1, 2, [1], True
28, 3, 27, [13,14], True
28, 5, 15, [7,8], True
28, 9, 9, [4,5], True
28, 11, 33, [14,15,16,17,18,19], True
28, 13, 65, [28,29,30,31,32,33,34,35,36,37], True
28, 15, 45, [17,18,19,20,21,22,23,24,25,26,27,28], True
28, 17, 17, [7,8,9,10], True
28, 19, 57, [19,20,21,22,23,24,25,26,27,28,29,30,31,32,33,34,35,36,37,38], True
28, 23, 92, [33,34,35,36,37,38,39,46,53,54,55,56,57,58,59], True
28, 25, 75, [25,26,27,28,29,30,31,32,33,34,35,36,37,38,39,40,41,42,43,44,45,46,47,48,49,50], True
29, 1, 2, [1], True
29, 2, 2, [1], True
29, 3, 60, [29,30,31], True
29, 4, 56, [27,28,29], True
29, 5, 55, [26,27,28,29], True
29, 6, 54, [25,26,27,28,29], True
29, 7, 63, [29,30,31,32,33,34], True
29, 8, 64, [29,30,31,32,33,34,35], True
29, 9, 90, [41,42,43,44,45,46,47,48,49], True
29, 10, 50, [21,22,23,24,25,26,27,28,29], True
29, 11, 66, [29,30,31,32,33,34,35,36,37], True
29, 12, 48, [19,20,21,22,23,24,25,26,27,28,29], True
29, 13, 104, [45,46,47,48,49,52,55,56,57,58,59], True
29, 14, 70, [29,30,31,32,33,34,35,36,37,38,39,40,41], True
29, 15, 45, [16,17,18,19,20,21,22,23,24,25,26,27,28,29], True
29, 16, 48, [19,20,21,22,23,24,25,26,27,28,29], True
29, 17, 68, [27,28,29,30,31,32,33,34,35,36,37,38,39,40,41], True
29, 18, 72, [29,30,31,32,33,34,35,36,37,38,39,40,41,42,43], True
29, 19, 76, [29,30,31,32,33,34,35,36,37,38,39,40,41,42,43,44,45,46,47], True
29, 20, 60, [20,21,22,23,24,25,26,27,28,29,30,31,32,33,34,35,36,37,38,39,40], True
29, 21, 21, [7,8,9,10,11,12,13,14], True
29, 22, 44, [15,16,17,18,19,20,21,22,23,24,25,26,27,28,29], True
29, 23, 115, [41,42,43,44,52,53,54,55,56,57,58,59,60,61,62,63,71,72,73,74], False
29, 24, 48, [17,18,19,20,21,24,27,28,29,30,31], True
29, 25, 50, [17,18,19,20,21,22,23,24,25,26,27,28,29,30,31,32,33], True
29, 26, 78, [26,27,28,29,30,31,32,33,34,35,36,37,38,39,40,41,42,43,44,45,46,47,48,49,50,51,52], True
29, 27, 54, [19,20,23,24,25,26,27,28,29,30,31,34,35], False
30, 1, 2, [1], True
30, 7, 28, [13,14,15], True
30, 11, 11, [5,6], True
30, 13, 26, [11,12,13,14,15], True
30, 17, 17, [7,8,9,10], True
30, 19, 38, [15,16,17,18,19,20,21,22,23], True
30, 23, 23, [8,9,10,11,12,13,14,15], True
31, 1, 2, [1], True
31, 2, 2, [1], True
31, 3, 60, [29,30,31], True
31, 4, 60, [29,30,31], True
31, 5, 65, [31,32,33,34], True
31, 6, 66, [31,32,33,34,35], True
31, 7, 56, [25,26,27,28,29,30,31], True
31, 8, 56, [25,26,27,28,29,30,31], True
31, 9, 54, [23,24,25,26,27,28,29,30,31], True
31, 10, 70, [31,32,33,34,35,36,37,38,39], True
31, 11, 55, [24,25,26,27,28,29,30,31], True
31, 12, 72, [31,32,33,34,35,36,37,38,39,40,41], True
31, 13, 52, [21,22,23,24,25,26,27,28,29,30,31], True
31, 14, 14, [6,7,8], True
31, 15, 75, [31,32,33,34,35,36,37,38,39,40,41,42,43,44], True
31, 16, 48, [17,18,19,20,21,22,23,24,25,26,27,28,29,30,31], True
31, 17, 51, [20,21,22,23,24,25,26,27,28,29,30,31], True
31, 18, 54, [22,23,24,25,27,29,30,31,32], True
31, 19, 76, [31,34,35,36,37,38,39,40,41,42,45], False
31, 20, 80, [31,32,33,34,35,36,37,38,39,40,41,42,43,44,45,46,47,48,49], True
31, 21, 21, [7,8,9,10,11,12,13,14], True
31, 22, 66, [22,23,24,25,26,27,28,29,30,31,32,33,34,35,36,37,38,39,40,41,42,43,44], True
31, 23, 69, [23,24,25,26,27,28,29,30,31,32,33,34,35,36,37,38,39,40,41,42,43,44,45,46], True
31, 24, 48, [17,20,21,22,23,24,25,26,27,28,31], False
31, 25, 75, [26,27,28,29,30,31,34,35,36,37,38,39,40,41,44,45,46,47,48,49], True
31, 26, 78, [26,27,28,29,30,31,32,33,34,35,36,37,38,39,40,41,42,43,44,45,46,47,48,49,50,51,52], True
31, 27, 54, [19,20,21,22,23,24,27,30,31,32,33,34,35], False
31, 28, 56, [19,20,21,22,23,24,25,26,27,28,29,30,31,32,33,34,35,36,37], True
31, 29, 87, [31,37,38,39,40,41,42,43,44,45,46,47,48,49,50,56], False
32, 1, 2, [1], True
32, 3, 33, [16,17], True
32, 5, 15, [7,8], True
32, 7, 35, [16,17,18,19], True
32, 9, 9, [4,5], True
32, 11, 55, [23,24,25,26,27,28,29,30,31,32], True
32, 13, 13, [5,6,7,8], True
32, 15, 75, [32,33,34,35,36,37,38,39,40,41,42,43], True
32, 17, 51, [19,20,21,22,23,24,25,26,27,28,29,30,31,32], True
32, 19, 76, [31,32,33,34,35,38,41,42,43,44,45], True
32, 21, 21, [8,9,10,11,12,13], True
32, 23, 69, [23,24,25,26,27,28,29,30,31,32,33,34,35,36,37,38,39,40,41,42,43,44,45,46], True
32, 25, 150, [53,54,55,64,65,66,67,68,69,70,71,72,73,74,75,76,77,78,79,80,81,82,83,84,85,86,95,96,97], False
32, 27, 27, [9,10,11,12,13,14,15,16,17,18], True
32, 29, 29, [10,11,12,13,14,15,16,17,18,19], True
33, 1, 2, [1], True
33, 2, 2, [1], True
33, 4, 64, [31,32,33], True
33, 5, 70, [33,34,35,36,37], True
33, 7, 70, [33,34,35,36,37], True
33, 8, 24, [11,12,13], True
33, 10, 20, [9,10,11], True
33, 13, 26, [11,12,13,14,15], True
33, 14, 56, [23,24,25,26,27,28,29,30,31,32,33], True
33, 16, 80, [33,34,35,36,37,38,39,40,41,42,43,44,45,46,47], True
33, 17, 17, [6,7,8,9,10,11], True
33, 19, 114, [47,48,49,50,57,64,65,66,67], True
33, 20, 120, [49,50,51,56,57,58,59,60,61,62,63,64,69,70,71], True
33, 23, 69, [23,24,25,26,27,28,29,30,31,32,33,34,35,36,37,38,39,40,41,42,43,44,45,46], True
33, 25, 50, [17,18,19,20,21,22,23,24,25,26,27,28,29,30,31,32,33], True
33, 26, 26, [9,10,11,12,13,14,15,16,17], True
33, 28, 84, [28,29,30,31,32,33,34,35,36,37,38,39,40,41,42,43,44,45,46,47,48,49,50,51,52,53,54,55,56], True
33, 29, 116, [41,42,43,44,45,46,47,48,49,50,57,58,59,66,67,68,69,70,71,72,73,74,75], False
33, 31, 31, [11,13,14,15,16,17,18,20], False
34, 1, 2, [1], True
34, 3, 33, [16,17], True
34, 5, 65, [31,32,33,34], True
34, 7, 63, [29,30,31,32,33,34], True
34, 9, 63, [29,30,31,32,33,34], True
34, 11, 77, [34,35,36,37,38,39,40,41,42,43], True
34, 13, 39, [17,18,19,20,21,22], True
34, 15, 30, [13,14,15,16,17], True
34, 19, 57, [23,24,25,26,27,28,29,30,31,32,33,34], True
34, 21, 42, [17,18,19,20,21,22,23,24,25], True
34, 23, 69, [23,24,25,26,27,28,29,30,31,32,33,34,35,36,37,38,39,40,41,42,43,44,45,46], True
34, 25, 75, [25,26,27,28,29,30,31,32,33,34,35,36,37,38,39,40,41,42,43,44,45,46,47,48,49,50], True
34, 27, 135, [48,49,50,51,52,61,62,63,64,65,66,67,68,69,70,71,72,73,74,83,84,85,86,87], True
34, 29, 87, [29,30,31,32,33,34,35,36,37,38,39,40,41,42,43,44,45,46,47,48,49,50,51,52,53,54,55,56,57,58], True
34, 31, 124, [43,44,45,46,47,48,49,50,55,56,57,58,59,60,61,62,63,64,65,66,67,68,69,74,75,76,77,78,79,80,81], False
35, 1, 2, [1], True
35, 2, 2, [1], True
35, 3, 72, [35,36,37], True
35, 4, 68, [33,34,35], True
35, 6, 66, [31,32,33,34,35], True
35, 8, 64, [29,30,31,32,33,34,35], True
35, 9, 9, [4,5], True
35, 11, 11, [5,6], True
35, 12, 12, [5,6,7], True
35, 13, 143, [64,65,69,70,71,72,73,74,78,79], True
35, 16, 16, [7,8,9], True
35, 17, 17, [7,8,9,10], True
35, 18, 54, [19,20,21,22,23,24,25,26,27,28,29,30,31,32,33,34,35], True
35, 19, 57, [22,23,24,25,26,27,28,29,30,31,32,33,34,35], True
35, 22, 88, [35,36,37,38,39,40,41,42,43,44,45,46,47,48,49,50,51,52,53], True
35, 23, 92, [35,36,37,38,39,40,41,42,43,44,45,46,47,48,49,50,51,52,53,54,55,56,57], True
35, 24, 24, [8,9,10,11,12,13,14,15,16], True
35, 26, 78, [26,27,28,29,30,31,32,33,34,35,36,37,38,39,40,41,42,43,44,45,46,47,48,49,50,51,52], True
35, 27, 54, [19,22,23,24,25,26,27,28,29,30,31,32,35], False
35, 29, 116, [41,42,43,44,45,46,47,48,49,50,51,58,65,66,67,68,69,70,71,72,73,74,75], True
35, 31, 124, [43,44,45,46,47,48,49,50,51,52,53,54,59,60,61,62,63,64,65,70,71,72,73,74,75,76,77,78,79,80,81], True
35, 32, 32, [11,12,13,14,15,16,17,18,19,20,21], True
35, 33, 99, [35,41,42,43,44,45,46,47,48,49,50,51,52,53,54,55,56,57,58,64], False
36, 1, 2, [1], True
36, 5, 25, [12,13], True
36, 7, 77, [36,37,38,39,40,41], True
36, 11, 11, [5,6], True
36, 13, 65, [29,30,31,32,33,34,35,36], True
36, 17, 85, [36,37,38,39,40,41,42,43,44,45,46,47,48,49], True
36, 19, 19, [7,8,9,10,11,12], True
36, 23, 23, [9,10,11,12,13,14], True
36, 25, 75, [25,26,27,28,29,30,31,32,33,34,35,36,37,38,39,40,41,42,43,44,45,46,47,48,49,50], True
36, 29, 29, [10,11,12,13,14,15,16,17,18,19], True
36, 31, 62, [21,22,23,24,25,26,27,28,29,30,31,32,33,34,35,36,37,38,39,40,41], True
37, 1, 2, [1], True
37, 2, 2, [1], True
37, 3, 72, [35,36,37], True
37, 4, 72, [35,36,37], True
37, 5, 70, [33,34,35,36,37], True
37, 6, 78, [37,38,39,40,41], True
37, 7, 70, [33,34,35,36,37], True
37, 8, 80, [37,38,39,40,41,42,43], True
37, 9, 81, [37,38,39,40,41,42,43,44], True
37, 10, 80, [37,38,39,40,41,42,43], True
37, 11, 66, [29,30,31,32,33,34,35,36,37], True
37, 12, 84, [37,38,39,40,41,42,43,44,45,46,47], True
37, 13, 65, [28,29,30,31,32,33,34,35,36,37], True
37, 14, 84, [37,38,39,40,41,42,43,44,45,46,47], True
37, 15, 60, [23,24,25,26,27,28,29,30,31,32,33,34,35,36,37], True
37, 16, 64, [27,28,29,30,31,32,33,34,35,36,37], True
37, 17, 136, [59,60,65,66,67,68,69,70,71,76,77], True
37, 18, 90, [37,38,39,40,41,42,43,44,45,46,47,48,49,50,51,52,53], True
37, 19, 57, [20,21,22,23,24,25,26,27,28,29,30,31,32,33,34,35,36,37], True
37, 20, 60, [23,24,25,26,27,28,29,30,31,32,33,34,35,36,37], True
37, 21, 252, [103,104,105,106,117,118,119,120,121,122,123,124,125,126,127,128,129,130,131,132,133,134,135,146,147,148,149], True
37, 22, 22, [9,10,11,12,13], True
37, 23, 92, [37,38,39,40,41,42,43,44,45,46,47,48,49,50,51,52,53,54,55], True
37, 24, 96, [37,38,39,40,41,42,43,44,45,46,47,48,49,50,51,52,53,54,55,56,57,58,59], True
37, 25, 75, [25,26,27,28,29,30,31,32,33,34,35,36,37,38,39,40,41,42,43,44,45,46,47,48,49,50], True
37, 26, 78, [26,27,28,29,30,31,32,33,34,35,36,37,38,39,40,41,42,43,44,45,46,47,48,49,50,51,52], True
37, 27, 27, [9,10,11,12,13,14,15,16,17,18], True
37, 28, 56, [19,20,21,22,23,24,25,26,27,28,29,30,31,32,33,34,35,36,37], True
37, 29, 174, [61,62,63,64,65,74,75,76,77,78,79,80,81,82,83,84,85,86,87,88,89,90,91,92,93,94,95,96,97,98,99,100,109,110,111,112,113], True
37, 30, 90, [32,33,34,35,36,37,43,44,45,46,47,53,54,55,56,57,58], True
37, 31, 93, [31,32,33,34,35,36,37,38,39,40,41,42,43,44,45,46,47,48,49,50,51,52,53,54,55,56,57,58,59,60,61,62], True
37, 32, 32, [11,12,13,14,15,16,17,18,19,20,21], True
37, 33, 33, [11,12,13,14,15,16,17,18,19,20,21,22], True
37, 34, 102, [34,35,36,37,38,39,40,41,42,43,44,45,46,47,48,49,50,51,52,53,54,55,56,57,58,59,60,61,62,63,64,65,66,67,68], True
37, 35, 105, [37,43,44,45,46,47,48,49,50,51,52,53,54,55,56,57,58,59,60,61,62,68], False
38, 1, 2, [1], True
38, 3, 39, [19,20], True
38, 5, 40, [19,20,21], True
38, 7, 35, [16,17,18,19], True
38, 9, 126, [59,60,63,66,67], True
38, 11, 33, [14,15,16,17,18,19], True
38, 13, 65, [27,28,29,30,31,32,33,34,35,36,37,38], True
38, 15, 45, [19,20,21,22,23,24,25,26], True
38, 17, 136, [59,60,61,62,63,68,73,74,75,76,77], True
38, 21, 63, [25,26,27,28,29,30,31,32,33,34,35,36,37,38], True
38, 23, 115, [47,48,49,54,55,56,57,58,59,60,61,66,67,68], True
38, 25, 50, [19,20,21,22,23,24,25,26,27,28,29,30,31], True
38, 27, 27, [9,10,11,12,13,14,15,16,17,18], True
38, 29, 29, [10,11,12,13,14,15,16,17,18,19], True
38, 31, 124, [45,46,47,48,49,50,51,62,73,74,75,76,77,78,79], False
38, 33, 66, [23,24,25,26,27,28,29,30,33,36,37,38,39,40,41,42,43], False
38, 35, 105, [35,36,37,38,39,40,41,42,43,44,45,46,47,48,49,50,51,52,53,54,55,56,57,58,59,60,61,62,63,64,65,66,67,68,69,70], True
39, 1, 2, [1], True
39, 2, 2, [1], True
39, 4, 76, [37,38,39], True
39, 5, 25, [12,13], True
39, 7, 28, [13,14,15], True
39, 8, 24, [11,12,13], True
39, 10, 70, [31,32,33,34,35,36,37,38,39], True
39, 11, 88, [39,40,41,42,43,44,45,46,47,48,49], True
39, 14, 70, [31,32,33,34,35,36,37,38,39], True
39, 16, 64, [25,26,27,28,29,30,31,32,33,34,35,36,37,38,39], True
39, 17, 68, [29,30,31,32,33,34,35,36,37,38,39], True
39, 19, 95, [39,40,41,42,43,44,45,46,47,48,49,50,51,52,53,54,55,56], True
39, 20, 20, [7,8,9,10,11,12,13], True
39, 22, 22, [9,10,11,12,13], True
39, 23, 92, [37,38,39,40,41,42,43,44,45,46,47,48,49,50,51,52,53,54,55], True
39, 25, 100, [39,40,41,42,43,44,45,46,47,48,49,50,51,52,53,54,55,56,57,58,59,60,61], True
39, 28, 84, [28,29,30,31,32,33,34,35,36,37,38,39,40,41,42,43,44,45,46,47,48,49,50,51,52,53,54,55,56], True
39, 29, 87, [29,30,31,32,33,34,35,36,37,38,39,40,41,42,43,44,45,46,47,48,49,50,51,52,53,54,55,56,57,58], True
39, 31, 31, [11,12,14,15,16,17,19,20], True
39, 32, 64, [23,24,25,26,27,32,37,38,39,40,41], True
39, 34, 34, [12,13,14,15,17,19,20,21,22], False
39, 35, 105, [35,36,37,38,39,40,41,42,43,44,45,46,47,48,49,50,51,52,53,54,55,56,57,58,59,60,61,62,63,64,65,66,67,68,69,70], True
39, 37, 37, [13,15,16,17,18,19,20,21,22,24], False
40, 1, 2, [1], True
40, 3, 39, [19,20], True
40, 7, 21, [10,11], True
40, 9, 9, [4,5], True
40, 11, 11, [5,6], True
40, 13, 91, [40,41,42,43,44,45,46,47,48,49,50,51], True
40, 17, 17, [7,8,9,10], True
40, 19, 19, [8,9,10,11], True
40, 21, 63, [23,24,25,26,27,28,29,30,31,32,33,34,35,36,37,38,39,40], True
40, 23, 46, [19,20,23,26,27], True
40, 27, 27, [9,10,11,12,13,14,15,16,17,18], True
40, 29, 87, [29,30,31,32,33,34,35,36,37,38,39,40,41,42,43,44,45,46,47,48,49,50,51,52,53,54,55,56,57,58], True
40, 31, 31, [11,13,14,15,16,17,18,20], False
40, 33, 132, [47,48,49,50,51,52,53,54,55,56,57,66,75,76,77,78,79,80,81,82,83,84,85], True
40, 37, 74, [25,26,27,28,29,30,31,32,33,34,35,36,37,38,39,40,41,42,43,44,45,46,47,48,49], True
41, 1, 2, [1], True
41, 2, 2, [1], True
41, 3, 84, [41,42,43], True
41, 4, 80, [39,40,41], True
41, 5, 85, [41,42,43,44], True
41, 6, 78, [37,38,39,40,41], True
41, 7, 77, [36,37,38,39,40,41], True
41, 8, 88, [41,42,43,44,45,46,47], True
41, 9, 90, [41,42,43,44,45,46,47,48,49], True
41, 10, 90, [41,42,43,44,45,46,47,48,49], True
41, 11, 132, [61,62,63,64,65,66,67,68,69,70,71], True
41, 12, 72, [31,32,33,34,35,36,37,38,39,40,41], True
41, 13, 91, [41,42,43,44,45,46,47,48,49,50], True
41, 14, 70, [29,30,31,32,33,34,35,36,37,38,39,40,41], True
41, 15, 150, [67,68,69,70,71,72,75,78,79,80,81,82,83], True
41, 16, 96, [41,42,43,44,45,46,47,48,49,50,51,52,53,54,55], True
41, 17, 68, [27,28,29,30,31,32,33,34,35,36,37,38,39,40,41], True
41, 18, 72, [31,32,33,34,35,36,37,38,39,40,41], True
41, 19, 95, [41,43,44,45,46,47,48,49,50,51,52,54], False
41, 20, 100, [41,42,43,44,45,46,47,48,49,50,51,52,53,54,55,56,57,58,59], True
41, 21, 63, [22,23,24,25,26,27,28,29,30,31,32,33,34,35,36,37,38,39,40,41], True
41, 22, 66, [25,26,27,28,29,30,31,32,33,34,35,36,37,38,39,40,41], True
41, 23, 69, [28,30,31,32,33,34,35,36,37,38,39,41], False
41, 24, 48, [19,20,21,22,23,24,25,26,27,28,29], True
41, 25, 150, [61,62,63,68,69,70,71,72,73,74,75,76,77,78,79,80,81,82,87,88,89], True
41, 26, 104, [41,42,43,44,45,46,47,48,49,50,51,52,53,54,55,56,57,58,59,60,61,62,63], True
41, 27, 108, [41,42,43,44,45,46,47,48,49,50,51,52,53,54,55,56,57,58,59,60,61,62,63,64,65,66,67], True
41, 28, 84, [28,29,30,31,32,33,34,35,36,37,38,39,40,41,42,43,44,45,46,47,48,49,50,51,52,53,54,55,56], True
41, 29, 87, [29,30,31,32,33,34,35,36,37,38,39,40,41,42,43,44,45,46,47,48,49,50,51,52,53,54,55,56,57,58], True
41, 30, 30, [10,11,12,13,14,15,16,17,18,19,20], True
41, 31, 62, [21,22,23,24,25,26,27,28,29,30,31,32,33,34,35,36,37,38,39,40,41], True
41, 32, 96, [34,35,41,42,43,44,45,46,47,48,49,50,51,52,53,54,55,61,62], False
41, 33, 99, [34,35,36,37,38,39,40,41,44,45,46,47,48,49,50,51,52,53,54,55,58,59,60,61,62,63,64,65], True
41, 34, 34, [12,13,14,15,17,19,20,21,22], True
41, 35, 105, [35,36,37,38,39,40,41,42,43,44,45,46,47,48,49,50,51,52,53,54,55,56,57,58,59,60,61,62,63,64,65,66,67,68,69,70], True
41, 36, 144, [51,52,53,54,55,56,57,58,59,60,61,62,71,72,73,82,83,84,85,86,87,88,89,90,91,92,93], False
41, 37, 74, [25,26,27,28,29,30,31,32,33,34,35,36,37,38,39,40,41,42,43,44,45,46,47,48,49], True
41, 38, 38, [13,14,15,16,17,18,19,20,21,22,23,24,25], True
41, 39, 117, [41,47,48,49,50,51,52,53,54,55,56,57,58,59,60,61,62,63,64,65,66,67,68,69,70,76], False
42, 1, 2, [1], True
42, 5, 40, [19,20,21], True
42, 11, 11, [5,6], True
42, 13, 13, [6,7], True
42, 17, 34, [13,14,15,16,17,18,19,20,21], True
42, 19, 114, [49,50,51,52,53,54,55,56,57,58,59,60,61,62,63,64,65], True
42, 23, 23, [9,10,11,12,13,14], True
42, 25, 100, [41,42,43,44,45,50,55,56,57,58,59], True
42, 29, 87, [29,30,31,32,33,34,35,36,37,38,39,40,41,42,43,44,45,46,47,48,49,50,51,52,53,54,55,56,57,58], True
42, 31, 93, [31,32,33,34,35,36,37,38,39,40,41,42,43,44,45,46,47,48,49,50,51,52,53,54,55,56,57,58,59,60,61,62], True
42, 37, 37, [13,14,15,16,18,19,21,22,23,24], True
43, 1, 2, [1], True
43, 2, 2, [1], True
43, 3, 84, [41,42,43], True
43, 4, 84, [41,42,43], True
43, 5, 90, [43,44,45,46,47], True
43, 6, 90, [43,44,45,46,47], True
43, 7, 91, [43,44,45,46,47,48], True
43, 8, 80, [37,38,39,40,41,42,43], True
43, 9, 81, [38,39,40,41,42,43], True
43, 10, 80, [37,38,39,40,41,42,43], True
43, 11, 77, [34,35,36,37,38,39,40,41,42,43], True
43, 12, 96, [43,44,45,46,47,48,49,50,51,52,53], True
43, 13, 78, [35,36,37,38,39,40,41,42,43], True
43, 14, 98, [43,44,45,46,47,48,49,50,51,52,53,54,55], True
43, 15, 75, [32,33,34,35,36,37,38,39,40,41,42,43], True
43, 16, 112, [50,51,53,54,55,56,57,58,59,61,62], True
43, 17, 102, [43,44,45,46,47,48,49,50,51,52,53,54,55,56,57,58,59], True
43, 18, 72, [29,30,31,32,33,34,35,36,37,38,39,40,41,42,43], True
43, 19, 266, [115,116,117,124,125,126,127,128,129,130,131,132,133,134,135,136,137,138,139,140,141,142,149,150,151], True
43, 20, 100, [43,44,45,46,47,48,49,50,51,52,53,54,55,56,57], True
43, 21, 105, [43,44,45,46,47,48,49,50,51,52,53,54,55,56,57,58,59,60,61,62], True
43, 22, 66, [23,24,25,26,27,28,29,30,31,32,33,34,35,36,37,38,39,40,41,42,43], True
43, 23, 69, [26,27,28,29,30,31,32,33,34,35,36,37,38,39,40,41,42,43], True
43, 24, 72, [29,30,31,32,33,34,35,36,37,38,39,40,41,42,43], True
43, 25, 150, [61,62,63,64,65,66,67,68,69,70,75,80,81,82,83,84,85,86,87,88,89], True
43, 26, 130, [53,54,55,56,61,62,63,64,65,66,67,68,69,74,75,76,77], True
43, 27, 108, [43,44,45,46,47,48,49,50,51,52,53,54,55,56,57,58,59,60,61,62,63,64,65], True
43, 28, 112, [43,44,45,46,47,48,49,50,51,52,53,54,55,56,57,58,59,60,61,62,63,64,65,66,67,68,69], True
43, 29, 87, [29,30,31,32,33,34,35,36,37,38,39,40,41,42,43,44,45,46,47,48,49,50,51,52,53,54,55,56,57,58], True
43, 30, 30, [10,11,12,13,14,15,16,17,18,19,20], True
43, 31, 93, [31,32,33,34,35,36,37,38,39,40,41,42,43,44,45,46,47,48,49,50,51,52,53,54,55,56,57,58,59,60,61,62], True
43, 32, 96, [32,33,34,35,36,37,38,39,40,41,42,43,44,45,46,47,48,49,50,51,52,53,54,55,56,57,58,59,60,61,62,63,64], True
43, 33, 66, [23,26,27,28,29,30,31,32,33,34,35,36,37,38,39,40,43], False
43, 34, 34, [12,13,15,16,17,18,19,21,22], True
43, 35, 105, [38,39,40,41,42,43,52,53,62,63,64,65,66,67], False
43, 36, 36, [12,13,14,15,16,17,18,19,20,21,22,23,24], True
43, 37, 74, [25,26,27,28,29,30,31,32,33,34,35,36,37,38,39,40,41,42,43,44,45,46,47,48,49], True
43, 38, 152, [53,54,55,56,57,58,59,60,61,62,63,64,65,66,73,74,75,76,77,78,79,86,87,88,89,90,91,92,93,94,95,96,97,98,99], True
43, 39, 78, [27,28,29,30,31,32,35,36,37,38,39,40,41,42,43,46,47,48,49,50,51], False
43, 40, 40, [14,15,17,18,19,20,21,22,23,25,26], False
43, 41, 123, [43,49,50,51,52,53,54,55,56,57,58,59,60,61,62,63,64,65,66,67,68,69,70,71,72,73,74,80], False
44, 1, 2, [1], True
44, 3, 45, [22,23], True
44, 5, 85, [41,42,43,44], True
44, 7, 21, [10,11], True
44, 9, 81, [37,38,39,40,41,42,43,44], True
44, 13, 39, [17,18,19,20,21,22], True
44, 15, 75, [31,32,33,34,35,36,37,38,39,40,41,42,43,44], True
44, 17, 51, [22,23,24,25,26,27,28,29], True
44, 19, 19, [8,9,10,11], True
44, 21, 105, [44,45,46,47,48,49,50,51,52,53,54,55,56,57,58,59,60,61], True
44, 23, 69, [25,26,27,28,29,30,31,32,33,34,35,36,37,38,39,40,41,42,43,44], True
44, 25, 100, [41,42,47,48,49,50,51,52,53,58,59], True
44, 27, 27, [11,12,13,14,15,16], True
44, 29, 29, [11,12,13,14,15,16,17,18], True
44, 31, 93, [31,32,33,34,35,36,37,38,39,40,41,42,43,44,45,46,47,48,49,50,51,52,53,54,55,56,57,58,59,60,61,62], True
44, 35, 175, [62,63,64,65,66,67,68,79,80,81,82,83,84,85,86,87,88,89,90,91,92,93,94,95,96,107,108,109,110,111,112,113], True
44, 37, 111, [37,38,39,40,41,42,43,44,45,46,47,48,49,50,51,52,53,54,55,56,57,58,59,60,61,62,63,64,65,66,67,68,69,70,71,72,73,74], True
44, 39, 78, [27,28,29,30,31,32,33,34,37,38,39,40,41,44,45,46,47,48,49,50,51], True
44, 41, 82, [29,30,35,36,37,38,39,40,41,42,43,44,45,46,47,52,53], False
45, 1, 2, [1], True
45, 2, 2, [1], True
45, 4, 88, [43,44,45], True
45, 7, 28, [13,14,15], True
45, 8, 32, [15,16,17], True
45, 11, 11, [5,6], True
45, 13, 26, [11,12,13,14,15], True
45, 14, 70, [32,33,35,37,38], True
45, 16, 16, [7,8,9], True
45, 17, 34, [15,16,17,18,19], True
45, 19, 76, [31,32,33,34,35,36,37,38,39,40,41,42,43,44,45], True
45, 22, 22, [9,10,11,12,13], True
45, 23, 23, [8,9,10,11,12,13,14,15], True
45, 26, 78, [32,33,34,35,39,43,44,45,46], True
45, 28, 112, [45,46,47,48,49,50,51,52,53,54,55,56,57,58,59,60,61,62,63,64,65,66,67], True
45, 29, 116, [45,46,47,48,49,50,51,52,53,54,55,56,57,58,59,60,61,62,63,64,65,66,67,68,69,70,71], True
45, 31, 93, [31,32,33,34,35,36,37,38,39,40,41,42,43,44,45,46,47,48,49,50,51,52,53,54,55,56,57,58,59,60,61,62], True
45, 32, 96, [32,33,34,35,36,37,38,39,40,41,42,43,44,45,46,47,48,49,50,51,52,53,54,55,56,57,58,59,60,61,62,63,64], True
45, 34, 68, [23,24,25,26,27,28,29,30,31,32,33,34,35,36,37,38,39,40,41,42,43,44,45], True
45, 37, 148, [53,54,55,56,57,58,59,60,61,62,63,74,85,86,87,88,89,90,91,92,93,94,95], True
45, 38, 114, [38,39,40,41,42,43,44,45,46,47,48,49,50,51,52,53,54,55,56,57,58,59,60,61,62,63,64,65,66,67,68,69,70,71,72,73,74,75,76], True
45, 41, 164, [57,58,59,60,61,62,63,64,65,66,73,74,75,76,77,78,79,80,81,82,83,84,85,86,87,88,89,90,91,98,99,100,101,102,103,104,105,106,107], False
45, 43, 43, [15,17,18,19,20,21,22,23,24,25,26,28], False
46, 1, 2, [1], True
46, 3, 45, [22,23], True
46, 5, 95, [46,47,48,49], True
46, 7, 49, [23,24,25,26], True
46, 9, 99, [46,47,48,49,50,51,52,53], True
46, 11, 99, [46,47,48,49,50,51,52,53], True
46, 13, 52, [23,24,25,26,27,28,29], True
46, 15, 105, [46,47,48,49,50,51,52,53,54,55,56,57,58,59], True
46, 17, 136, [61,62,63,68,73,74,75], True
46, 19, 38, [15,16,17,18,19,20,21,22,23], True
46, 21, 168, [73,74,75,76,83,84,85,92,93,94,95], True
46, 25, 75, [29,30,31,32,33,34,35,36,37,38,39,40,41,42,43,44,45,46], True
46, 27, 108, [43,44,45,46,47,48,49,50,51,52,53,54,55,56,57,58,59,60,61,62,63,64,65], True
46, 29, 58, [23,24,25,26,27,28,29,30,31,32,33,34,35], True
46, 31, 93, [31,32,33,34,35,36,37,38,39,40,41,42,43,44,45,46,47,48,49,50,51,52,53,54,55,56,57,58,59,60,61,62], True
46, 33, 33, [11,12,13,14,15,16,17,18,19,20,21,22], True
46, 35, 35, [12,13,14,15,16,17,18,19,20,21,22,23], True
46, 37, 111, [38,39,40,41,42,43,44,45,46,49,50,51,52,53,54,55,56,57,58,59,60,61,62,65,66,67,68,69,70,71,72,73], True
46, 39, 39, [13,14,15,16,17,18,19,20,21,22,23,24,25,26], True
46, 41, 123, [41,42,43,44,45,46,47,48,49,50,51,52,53,54,55,56,57,58,59,60,61,62,63,64,65,66,67,68,69,70,71,72,73,74,75,76,77,78,79,80,81,82], True
46, 43, 129, [46,55,56,57,58,59,60,61,62,63,64,65,66,67,68,69,70,71,72,73,74,83], False
47, 1, 2, [1], True
47, 2, 2, [1], True
47, 3, 96, [47,48,49], True
47, 4, 92, [45,46,47], True
47, 5, 90, [43,44,45,46,47], True
47, 6, 90, [43,44,45,46,47], True
47, 7, 98, [47,48,49,50,51], True
47, 8, 88, [41,42,43,44,45,46,47], True
47, 9, 234, [111,112,115,116,117,118,119,122,123], True
47, 10, 100, [47,48,49,50,51,52,53], True
47, 11, 88, [41,42,43,44,45,46,47], True
47, 12, 84, [37,38,39,40,41,42,43,44,45,46,47], True
47, 13, 104, [47,48,49,50,51,52,53,54,55,56,57], True
47, 14, 84, [37,38,39,40,41,42,43,44,45,46,47], True
47, 15, 105, [47,48,49,50,51,52,53,54,55,56,57,58], True
47, 16, 80, [33,34,35,36,37,38,39,40,41,42,43,44,45,46,47], True
47, 17, 85, [38,40,41,42,43,44,45,47], False
47, 18, 108, [47,48,49,50,51,52,53,54,55,56,57,58,59,60,61], True
47, 19, 76, [29,30,31,32,33,34,35,36,37,38,39,40,41,42,43,44,45,46,47], True
47, 20, 80, [33,34,35,36,37,38,39,40,41,42,43,44,45,46,47], True
47, 21, 168, [73,74,75,76,77,84,91,92,93,94,95], True
47, 22, 110, [47,48,49,50,51,52,53,54,55,56,57,58,59,60,61,62,63], True
47, 23, 115, [47,48,49,50,51,52,53,54,55,56,57,58,59,60,61,62,63,64,65,66,67,68], True
47, 24, 72, [25,26,27,28,29,30,31,32,33,34,35,36,37,38,39,40,41,42,43,44,45,46,47], True
47, 25, 75, [28,29,30,31,32,33,34,35,36,37,38,39,40,41,42,43,44,45,46,47], True
47, 26, 78, [31,32,33,34,35,36,37,38,39,40,41,42,43,44,45,46,47], True
47, 27, 216, [89,90,91,92,93,94,107,108,109,122,123,124,125,126,127], True
47, 28, 56, [23,24,25,28,31,32,33], True
47, 29, 116, [47,50,51,52,53,54,55,56,57,58,59,60,61,62,63,64,65,66,69], False
47, 30, 120, [47,48,49,50,51,52,53,54,55,56,57,58,59,60,61,62,63,64,65,66,67,68,69,70,71,72,73], True
47, 31, 124, [47,48,49,50,51,52,53,54,55,56,57,58,59,60,61,62,63,64,65,66,67,68,69,70,71,72,73,74,75,76,77], True
47, 32, 96, [32,33,34,35,36,37,38,39,40,41,42,43,44,45,46,47,48,49,50,51,52,53,54,55,56,57,58,59,60,61,62,63,64], True
47, 33, 33, [11,12,13,14,15,16,17,18,19,20,21,22], True
47, 34, 102, [34,35,36,37,38,39,40,41,42,43,44,45,46,47,48,49,50,51,52,53,54,55,56,57,58,59,60,61,62,63,64,65,66,67,68], True
47, 35, 105, [35,36,37,38,39,40,41,42,43,44,45,46,47,48,49,50,51,52,53,54,55,56,57,58,59,60,61,62,63,64,65,66,67,68,69,70], True
47, 36, 72, [25,28,29,30,31,32,33,34,35,36,37,38,39,40,41,42,43,44,47], False
47, 37, 222, [77,78,79,80,81,82,83,84,85,94,95,96,97,98,99,100,101,102,103,104,105,106,107,108,109,110,111,112,113,114,115,116,117,118,119,120,121,122,123,124,125,126,127,128,137,138,139,140,141,142,143,144,145], False
47, 38, 114, [40,41,42,43,44,45,46,47,53,54,55,56,57,58,59,60,61,67,68,69,70,71,72,73,74], True
47, 39, 156, [55,56,57,58,59,60,61,62,63,64,65,66,67,68,69,78,87,88,89,90,91,92,93,94,95,96,97,98,99,100,101], True
47, 40, 120, [40,41,42,43,44,45,46,47,48,49,50,51,52,53,54,55,56,57,58,59,60,61,62,63,64,65,66,67,68,69,70,71,72,73,74,75,76,77,78,79,80], True
47, 41, 82, [29,30,31,32,33,34,35,36,41,46,47,48,49,50,51,52,53], False
47, 42, 42, [14,15,16,17,18,19,20,21,22,23,24,25,26,27,28], True
47, 43, 172, [59,60,61,62,63,64,65,66,67,68,69,70,75,76,77,78,79,80,81,82,83,84,85,86,87,88,89,90,91,92,93,94,95,96,97,102,103,104,105,106,107,108,109,110,111,112,113], True
47, 44, 132, [47,56,57,58,59,60,61,62,63,64,65,66,67,68,69,70,71,72,73,74,75,76,85], False
47, 45, 135, [47,53,54,55,56,57,58,59,60,61,62,63,64,65,66,67,68,69,70,71,72,73,74,75,76,77,78,79,80,81,82,88], False
48, 1, 2, [1], True
48, 5, 25, [12,13], True
48, 7, 91, [43,44,45,46,47,48], True
48, 11, 11, [5,6], True
48, 13, 13, [6,7], True
48, 17, 85, [37,38,39,40,41,42,43,44,45,46,47,48], True
48, 19, 19, [8,9,10,11], True
48, 23, 115, [48,49,50,51,52,53,54,55,56,57,58,59,60,61,62,63,64,65,66,67], True
48, 25, 25, [9,10,11,12,13,14,15,16], True
48, 29, 145, [59,60,61,62,63,68,69,70,71,72,73,74,75,76,77,82,83,84,85,86], True
48, 31, 31, [12,13,14,15,16,17,18,19], True
48, 35, 105, [35,36,37,38,39,40,41,42,43,44,45,46,47,48,49,50,51,52,53,54,55,56,57,58,59,60,61,62,63,64,65,66,67,68,69,70], True
48, 37, 37, [13,15,16,17,18,19,20,21,22,24], False
48, 41, 123, [41,42,43,44,45,46,47,48,49,50,51,52,53,54,55,56,57,58,59,60,61,62,63,64,65,66,67,68,69,70,71,72,73,74,75,76,77,78,79,80,81,82], True
48, 43, 129, [43,44,45,46,47,48,49,50,51,52,53,54,55,56,57,58,59,60,61,62,63,64,65,66,67,68,69,70,71,72,73,74,75,76,77,78,79,80,81,82,83,84,85,86], True
49, 1, 2, [1], True
49, 2, 2, [1], True
49, 3, 96, [47,48,49], True
49, 4, 96, [47,48,49], True
49, 5, 95, [46,47,48,49], True
49, 6, 102, [49,50,51,52,53], True
49, 8, 104, [49,50,51,52,53,54,55], True
49, 9, 90, [41,42,43,44,45,46,47,48,49], True
49, 10, 90, [41,42,43,44,45,46,47,48,49], True
49, 11, 88, [39,40,41,42,43,44,45,46,47,48,49], True
49, 12, 108, [49,50,51,52,53,54,55,56,57,58,59], True
49, 13, 13, [6,7], True
49, 15, 90, [41,42,43,44,45,46,47,48,49], True
49, 16, 16, [7,8,9], True
49, 17, 85, [36,37,38,39,40,41,42,43,44,45,46,47,48,49], True
49, 18, 18, [8,9,10], True
49, 19, 114, [49,50,51,52,53,54,55,56,57,58,59,60,61,62,63,64,65], True
49, 20, 80, [31,32,33,34,35,36,37,38,39,40,41,42,43,44,45,46,47,48,49], True
49, 22, 44, [19,20,21,22,23,24,25], True
49, 23, 115, [49,50,51,52,53,54,55,56,57,58,59,60,61,62,63,64,65,66], True
49, 24, 120, [49,50,51,52,53,54,55,56,57,58,59,60,61,62,63,64,65,66,67,68,69,70,71], True
49, 25, 75, [26,27,28,29,30,31,32,33,34,35,36,37,38,39,40,41,42,43,44,45,46,47,48,49], True
49, 26, 78, [29,30,31,32,33,34,35,36,37,38,39,40,41,42,43,44,45,46,47,48,49], True
49, 27, 81, [32,33,34,35,36,37,38,39,40,41,42,43,44,45,46,47,48,49], True
49, 29, 116, [47,48,49,50,51,52,53,54,55,58,61,62,63,64,65,66,67,68,69], True
49, 30, 120, [49,54,55,56,57,58,59,60,61,62,63,64,65,66,71], False
49, 31, 124, [49,50,51,52,53,54,55,56,57,58,59,60,61,62,63,64,65,66,67,68,69,70,71,72,73,74,75], True
49, 32, 128, [49,50,51,52,53,54,55,56,57,58,59,60,61,62,63,64,65,66,67,68,69,70,71,72,73,74,75,76,77,78,79], True
49, 33, 33, [11,12,13,14,15,16,17,18,19,20,21,22], True
49, 34, 102, [34,35,36,37,38,39,40,41,42,43,44,45,46,47,48,49,50,51,52,53,54,55,56,57,58,59,60,61,62,63,64,65,66,67,68], True
49, 36, 36, [12,13,14,15,16,17,18,19,20,21,22,23,24], True
49, 37, 74, [25,26,27,28,29,30,31,32,33,34,35,36,37,38,39,40,41,42,43,44,45,46,47,48,49], True
49, 38, 76, [27,32,33,34,35,36,37,38,39,40,41,42,43,44,49], False
49, 39, 195, [69,70,71,72,73,74,75,76,88,89,90,91,92,93,94,95,96,97,98,99,100,101,102,103,104,105,106,107,119,120,121,122,123,124,125,126], True
49, 40, 80, [29,30,31,32,33,40,47,48,49,50,51], False
49, 41, 123, [41,42,43,44,45,46,47,48,49,50,51,52,53,54,55,56,57,58,59,60,61,62,63,64,65,66,67,68,69,70,71,72,73,74,75,76,77,78,79,80,81,82], True
49, 43, 172, [61,62,63,64,65,66,67,68,69,70,71,72,73,74,85,86,87,98,99,100,101,102,103,104,105,106,107,108,109,110,111], False
49, 44, 132, [44,45,46,47,48,49,50,51,52,53,54,55,56,57,58,59,60,61,62,63,64,65,66,67,68,69,70,71,72,73,74,75,76,77,78,79,80,81,82,83,84,85,86,87,88], True
49, 45, 45, [15,16,17,18,19,20,21,22,23,24,25,26,27,28,29,30], True
49, 46, 138, [49,58,59,60,61,62,63,64,65,66,67,68,69,70,71,72,73,74,75,76,77,78,79,80,89], False
49, 47, 141, [49,55,56,57,58,59,60,61,62,63,64,65,66,67,68,69,70,71,72,73,74,75,76,77,78,79,80,81,82,83,84,85,86,92], False
50, 1, 2, [1], True
50, 3, 51, [25,26], True
50, 7, 21, [10,11], True
50, 9, 54, [25,26,27,28,29], True
50, 11, 11, [5,6], True
50, 13, 91, [41,42,43,44,45,46,47,48,49,50], True
50, 17, 17, [7,8,9,10], True
50, 19, 57, [25,26,27,28,29,30,31,32], True
50, 21, 42, [17,18,19,20,21,22,23,24,25], True
50, 23, 23, [10,11,12,13], True
50, 27, 81, [31,32,33,34,35,36,37,38,39,40,41,42,43,44,45,46,47,48,49,50], True
50, 29, 174, [71,72,73,74,75,76,77,78,79,80,87,94,95,96,97,98,99,100,101,102,103], True
50, 31, 62, [25,26,27,28,29,30,31,32,33,34,35,36,37], True
50, 33, 66, [25,26,27,28,29,30,31,32,33,34,35,36,37,38,39,40,41], True
50, 37, 111, [37,38,39,40,41,42,43,44,45,46,47,48,49,50,51,52,53,54,55,56,57,58,59,60,61,62,63,64,65,66,67,68,69,70,71,72,73,74], True
50, 39, 234, [83,84,85,100,101,102,103,104,105,106,107,108,109,110,111,112,113,114,115,116,117,118,119,120,121,122,123,124,125,126,127,128,129,130,131,132,133,134,149,150,151], False
50, 41, 164, [59,60,61,62,63,64,65,66,67,68,69,82,95,96,97,98,99,100,101,102,103,104,105], False
50, 43, 86, [29,30,31,32,33,34,35,36,37,38,39,40,41,42,43,44,45,46,47,48,49,50,51,52,53,54,55,56,57], True
50, 47, 141, [50,59,60,61,62,63,64,65,66,67,68,69,70,71,72,73,74,75,76,77,78,79,80,81,82,91], False